ricky ray
75
72
67
23
21
41
16
8
34
26
14
22
17
2
63
dan marino
70
83
58
49
65
78
48
68
95
86
68
48
58
67
48
tom brady
90
93
94
58
31
24
3
19
96
34
12
34
33
25
91
ricky ray
75
72
67
23
21
41
16
8
34
26
14
22
17
2
63
dan marino
70
83
58
49
65
78
48
68
95
86
68
48
58
67
48
tom brady
90
93
94
58
31
24
3
19
96
34
12
34
33
25
91
ricky ray
75
72
67
23
21
41
16
8
34
26
14
22
17
2
63
tom brady
90
93
94
58
31
24
3
19
96
34
12
34
33
25
91
dan marino
70
83
58
49
65
78
48
68
95
86
68
48
58
67
48
tom brady
90
93
94
58
31
24
3
19
96
34
12
34
33
25
91
dan marino
70
83
58
49
65
78
48
68
95
86
68
48
58
67
48
dan marino
70
83
58
49
65
78
48
68
95
86
68
48
58
67
48
tom brady
90
93
94
58
31
24
3
19
96
34
12
34
33
25
91
dan marino
70
83
58
49
65
78
48
68
95
86
68
48
58
67
48
tom brady
90
93
94
58
31
24
3
19
96
34
12
34
33
25
91
dan marino
70
83
58
49
65
78
48
68
95
86
68
48
58
67
48
tom brady
90
93
94
58
31
24
3
19
96
34
12
34
33
25
91
ricky ray
75
72
67
23
21
41
16
8
34
26
14
22
17
2
63
ricky ray
75
72
67
23
21
41
16
8
34
26
14
22
17
2
63
ricky ray
75
72
67
23
21
41
16
8
34
26
14
22
17
2
63
ricky ray
75
72
67
23
21
41
16
8
34
26
14
22
17
2
63
ricky ray
75
72
67
23
21
41
16
8
34
26
14
22
17
2
63
dan marino
70
83
58
49
65
78
48
68
95
86
68
48
58
67
48
tom brady
90
93
94
58
31
24
3
19
96
34
12
34
33
25
91
